5
124
126
265
430
431
432
433
434
435
437
438
439
440
441
459
468
471
483
578
579
581
673
700
746
806
833
1064
1090
1127
1129
1131
1133
1135
1137
1138
1159
1538
1940
2023
2024
2052
2120
2367
2370
2374
2378
2379
2380
2639
2823
2824
2828
2829
2830
2831
2832
2833
3112
3113
3114
3160
3164
3166
3169
3219
3220
3222
3223
3231
3267
3268
3366
3407
3408
3591
3592
3593
3594
3595
3607
3670
3678
3680
3921
3974
3975
3976
4042
4054
4056
4057
4060
4061
4062
4064
4065
4066
4067
4068
4069
4071
4072
4074
4075
4077
4078
4100
4130
4131
4132
4141
4239
4318
4941
4945
4954
4960
4975
4976
4977
4978
4981
4982
5004
5005
5006
5007
5020
5021
5099
5100
5107
5134
5140
5161
5166
5206
5257
5316
5405
5513
5665
5666
5720
5723
5761
5809
5917
6084
6114
6234
6249
6250
6262
6263
6296
6310
6405
6410
6509
6512
6527
6529
6609
6610
6611
6612
6613
6614
6615
6620
6626
6627
6630
6650
6656
6658
6668
6717
6724
6727
6758
6802
6803
6805
6896
6897
6902
6918
7108
7178
7211
7216
7218
7220
7233
7239
7242
7245
7254
7285
7364
7396
7418
7420
7426
7428
7434
7443
7454
7457
7669
7728
7737
7745
7748
7766
7771
7776
7779
7782
7786
7788
7793
7840
7844
7857
7859
7861
7863
7865
7867
7914
7926
7927
7932
7933
8001
8063
8070
8087
8088
8089
8090
8091
8094
8095
8096
8097
8098
8099
8100
8101
8112
8113
8114
8115
8116
8117
8118
8119
8120
8121
8176
8202
8212
8213
8277
8283
8312
8331
8342
8517
8532
8593
8674
8679
8686
8688
8690
8712
8856
8898
8899
8917
8919
8980
9052
9055
9082
9092
9095
9221
9222
9223
9224
9332
9437
9489
9512
9515
9577
9583
9584
9586
9594
9595
9712
9781
9783
9900
9903
9976
10052
10057
10058
10113
10137
10256
10257
10344
10459
10617
10667
10668
10669
10692
10693
10723
10738
10787
10788
10790
10792
10795
10798
10838
10839
10850
11007
11008
11009
11202
11319
11328
11334
11338
11339
11340
11348
11349
11350
11355
11356
11359
11364
11371
11387
11389
11390
11392
11396
11402
11403
11405
11406
11407
11435
11437
11438
11474
11513
11535
11537
11540
11541
11542
11543
11544
11547
11548
11610
11629
11732
11757
11758
11792
11840
11885
11886
11887
11888
11889
11903
11923
12174
12175
12176
12177
12178
12179
12189
12199
12253
12283
12304
12346
12347
12419
12421
12438
12459
12460
12543
12562
12608
12684
12699
12709
12735
12802
12805
12806
12808
12851
12883
12938
13143
13219
13225
13226
13227
13241
13361
13362
13378
13380
13399
13419
13421
13424
13464
13478
13484
13485
13497
13498
13501
13503
13522
13529
13536
13538
13564
13607
13612
13617
13620
13622
13626
13630
13631
13632
13633
13635
13637
13640
13642
13644
13646
13648
13653
13655
13657
13659
13661
13663
13687
13689
13693
13695
13698
13700
13714
13739
13740
13746
13794
13808
13815
13817
13822
13836
13841
13846
13858
13868
13882
13887
13890
13898
13905
13915
13917
13931
13933
13935
13937
13939
13941
13943
13945
13947
13948
13978
13982
14008
14047
14049
14050
14056
14097
14127
14199
14209
14210
14227
14250
14806
14814
14929
15033
15057
15118
15119
15229
15231
15233
15235
15239
15276
15279
15303
15340
15389
15391
15394
15397
15400
15402
15404
15406
15446
15458
15491
15591
15627
15647
15649
15698
15699
15700
15701
15702
15748
15814
15815
15822
15823
15824
15852
15958
15998
16007
16028
16031
16053
16057
16072
16073
16077
16082
16138
16321
16322
16323
16325
16326
16327
16329
16375
16378
16447
16537
16589
16613
16622
16623
16627
16628
16629
16666
16781
16796
16989
16996
17015
17016
17038
17045
17047
17048
17133
17155
17161
17166
17176
17179
17199
17271
17291
17320
17432
17458
17474
17493
17528
17530
17531
17534
17535
17536
17537
17538
17539
17540
17543
17544
17545
17546
17548
17549
17550
17624
17626
17627
17628
17629
17639
18040
18048
18052
18071
18124
18140
18153
18229
18230
18231
18232
18233
18234
18277
18363
18384
18397
18559
18608
18610
18711
18762
18832
18887
18974
18987
19029
19057
19138
19199
19250
19363
19470
19512
19548
19564
19565
19566
19588
19646
19649
19651
19674
19687
19688
19689
19690
19692
19693
19694
19696
19697
19699
19700
19719
19720
19769
19784
19805
19821
19886
19889
19890
19903
19938
20008
20009
20010
20011
20012
20013
20014
20015
20016
20017
20020
20023
20024
20025
20026
20028
20029
20030
20031
20032
20033
20034
20035
20036
20039
20040
20211
20269
20270
20274
20312
20313
20314
20315
20316
20317
20318
20319
20321
20322
20323
20324
20326
20327
20329
20364
20377
20378
20379
20380
20381
20382
20383
20384
20385
20386
20387
20388
20389
20390
20391
20392
20393
20394
20395
20396
20397
20398
20399
20400
20401
20402
20403
20404
20405
20406
20407
20408
20426
20427
20428
20429
20430
20431
20432
20433
20434
20435
20513
20529
20530
20531
20707
20709
20737
20762
20763
20764
20765
20804
20814
20875
21014
21050
21149
21160
21171
21248
21288
21332
21343
21355
21358
21370
21371
21393
21394
21395
21396
21425
21537
21538
21544
21565
21728
21729
21730
21794
21848
21855
21866
21884
21885
21920
21931
21935
21955
21957
21960
22089
22094
22562
22563
22564
22567
22593
22594
22596
22597
22598
22599
22700
22725
22729
22731
22734
22736
22749
22750
22756
22779
22789
22790
22792
22807
22840
22844
22846
22906
22949
22999
23000
23004
23008
23012
23013
23015
23028
23034
23035
23054
23061
23063
23065
23126
23135
23136
23151
23152
23179
23180
23192
23204
23208
23231
23232
23233
23254
23301
23359
23442
23453
23468
23469
23470
23471
23472
23473
23474
23475
23476
23477
23514
23538
23539
23540
23541
23542
23567
23568
23569
23645
23677
23678
23679
23680
23692
23696
23698
23786
23799
23800
23801
23802
23803
23804
23851
24005
24006
24149
24160
24161
24162
24163
24164
24165
24167
24168
24194
24195
24226
24245
24264
24279
24280
24281
24282
24284
24285
24288
24289
24290
24302
24325
24355
24360
24361
24363
24364
24377
24382
24383
24384
24409
24410
24411
24412
24413
24414
24417
24420
24421
24422
24706
24707
24717
24718
24719
24720
24724
24726
24733
24737
24741
24800
24815
24833
24869
24874
24885
24887
24888
24889
24890
24891
24892
24895
24896
24897
24898
24930
24973
25037
25072
25073
25074
25078
25079
25080
25081
25082
25083
25084
25086
25117
25118
25119
25120
25121
25122
25123
25351
25660
25675
25677
25688
25690
25691
25692
25693
25719
25720
25722
25783
25793
25804
25822
25823
25851
25855
25860
25990
26004
26008
26030
26067
26074
26142
26263
26265
26276
26286
26291
26292
26293
26294
26295
26298
26299
26304
26325
26327
26328
26329
26333
26334
26335
26336
26337
26338
26373
26374
26389
26488
26490
26517
26521
26560
26587
26588
26677
26678
26681
26682
26743
26785
26792
26891
26899
26967
27029
27030
27031
27089
27094
27102
27103
27121
27146
27184
27186
27188
27190
27191
27201
27202
27203
27235
27236
27237
27239
27360
27433
27487
27488
27489
27490
27491
27492
27493
27494
27495
27496
27497
27500
27517
27571
27616
27652
27653
27661
27662
27664
27665
27666
27667
27668
27669
27670
27671
27700
27701
27702
27703
27704
27706
27708
27709
27710
27711
27712
27713
27714
27715
27716
27717
27718
27719
27738
27739
27837
27869
27899
27905
27906
27907
27911
27913
27914
27917
27944
27945
27946
27947
27948
27950
27951
27954
27957
27958
27960
27961
27962
27964
27967
27968
27971
27972
27975
27977
27981
27982
27984
28003
28004
28013
28017
28100
28101
28102
28103
28104
28105
28106
28161
28163
28165
28226
28247
28273
28324
28354
28451
28486
28488
28489
28490
28491
28492
28493
28494
28495
28496
28497
28499
28501
28502
28503
28504
28506
28507
28508
28509
28511
28512
28513
28514
28515
28517
28518
28519
28520
28521
28527
28536
28537
28538
28540
28548
28624
28700
28714
28726
28745
28800
28806
28891
28898
29007
29008
29049
29070
29073
29116
29200
29236
29251
29271
29276
29279
29297
29305
29308
29312
29314
29332
29333
29334
29335
29348
29364
29369
29384
29432
29435
29443
29451
29452
29453
29454
29467
29475
29480
29483
29507
29517
29528
29542
29720
29731
29764
29773
29820
29866
29917
30009
30015
30077
30088
30089
30090
30099
30102
30105
30154
30161
30167
30199
30200
30208
30212
30214
30216
30217
30222
30224
30226
30230
30250
30252
30260
30261
30262
30263
30264
30265
30298
30406
30408
30419
30427
30434
30435
30461
30486
30489
30524
30526
30550
30557
30562
30567
30611
30612
30617
30645
30646
30653
30654
30740
30767
30845
30847
30848
30877
30988
31003
31114
31225
31268
31333
31367
31368
31369
31370
31371
31372
31479
31497
31549
31606
31613
31614
31694
31696
31736
31920
31927
31949
31958
32001
32027
32028
32036
32037
32038
32042
32096
32098
32112
32146
32205
32234
32249
32254
32255
32274
32282
32304
32305
32307
32314
32345
32347
32384
32397
32398
32399
32408
32426
32446
32574
32578
32580
32633
32646
32744
32802
32803
32804
32805
32806
32812
32834
32852
32977
32978
32979
33019
33060
33067
33077
33078
33079
33080
33081
33082
33097
33100
33250
33253
33255
33258
33260
33262
33264
33266
33269
33272
33361
33381
33531
33532
33655
33670
33703
33704
33705
33706
33715
33720
33721
33725
33726
33744
33770
33772
33824
33836
33980
33990
33991
33992
33993
33994
33995
33996
33997
33999
34001
34002
34003
34004
34005
34006
34007
34008
34009
34010
34063
34140
34141
34142
34144
34219
34291
34339
34340
34367
34372
34387
34520
34526
34603
34622
34630
34646
34665
34717
34796
34830
34857
34888
34895
34990
34992
35028
35036
35113
35129
35139
35246
35270
35271
35282
35349
35355
35372
35402
35403
35404
35405
35406
35407
35409
35413
35415
35416
35417
35418
35419
35420
35432
35433
35434
35435
35436
35437
35438
35439
35441
35443
35445
35447
35452
35453
35454
35455
35456
35457
35458
35460
35474
35475
35476
35477
35478
35488
35489
35490
35495
35683
35685
35707
35724
35725
35734
35738
35739
35745
35755
35771
35772
35793
35794
35795
35796
35806
35809
35810
35813
35814
35816
35820
35823
35824
35826
35936
36030
36062
36098
36107
36282
36310
36314
36374
36460
36532
36546
36548
36565
36587
36652
36851
36867
36890
36904
36923
36941
37020
37055
37058
37062
37065
37096
37097
37136
37172
37221
37236
37285
37320
37322
37323
37346
37390
37426
37452
37475
37573
37649
37678
37690
37822
37830
37834
37889
37891
37898
37899
37904
37906
37984
38119
38132
38134
38156
38157
38170
38173
38177
38202
38214
38249
38273
38318
38336
38345
38362
38439
38453
38482
38510
38543
38544
38551
38552
38553
38554
38606
38612
38613
38614
38615
38707
38736
38746
38762
38779
38780
38782
38790
38842
38862
38908
38915
38929
38954
39010
39040
39094
39105
39161
39163
39183
39189
39219
39220
39223
39224
39226
39238
39239
39242
39246
39264
39371
39404
39406
39411
39478
39479
39480
39481
39483
39484
39527
39625
39626
39627
39628
39629
39640
39677
39681
39684
39750
39793
39810
39844
39948
39965
40098
40160
40309
40328
40468
40527
40530
40543
40548
40567
40568
40572
40573
40575
40576
40742
40744
40747
40748
40749
40752
40753
40754
40755
40756
40757
40764
40765
40766
40767
40768
40817
40856
40889
40933
40969
40978
41030
41031
41181
41233
41237
41267
41291
41304
41306
41423
41443
41494
41495
41497
41498
41608
41609
41610
41611
41617
41618
41619
41620
41621
41985
42222
42254
42255
42256
42257
42258
42259
42260
42261
42263
42264
42287
42301
42309
42323
42325
42336
42338
42340
42356
42365
42383
42390
42391
42406
42411
42418
42425
42436
42452
42489
42521
42533
42564
42620
42644
42667
42668
42680
42687
42692
42703
42735
42753
42760
42766
42769
42786
42788
42793
42801
42817
42822
42836
42924
42974
42981
42987
43005
43036
43042
43051
43057
43076
43089
43102
43115
43154
43157
43172
43178
43180
43182
43183
43185
43186
43189
43194
43195
43196
43197
43198
43199
43209
43214
43232
43233
43286
43315
43354
43369
43373
43375
43381
43386
43392
43403
43466
43490
43521
43666
43674
43692
43706
43718
43723
43724
43730
43732
43763
43771
43777
43808
43816
43818
43820
43822
43864
43955
43959
43961
43969
43972
43973
44002
44021
44066
44107
44109
44110
44111
44112
44113
44114
44115
44116
44117
44122
44123
44166
44212
44235
44245
44323
44383
44389
44407
44436
44454
44467
44483
44484
44488
44489
44492
44494
44500
44506
44508
44509
44510
44513
44524
44528
44529
44555
44556
44575
44576
44582
44584
44588
44589
44590
44591
44592
44593
44595
44596
44598
44612
44616
44621
44623
44625
44629
44630
44631
44633
44635
44755
44769
44856
44879
44881
44937
44968
44969
44997
45019
45020
45030
45038
45051
45072
45094
45109
45115
45129
45131
45133
45135
45137
45149
45153
45171
45191
45257
45274
45278
45323
45351
45373
45395
45397
45414
45417
45426
45440
45441
45474
45503
45504
45536
45543
45544
45548
45583
45594
45606
45611
45618
45634
45653
45692
45694
45697
45703
45729
45731
45732
45742
45759
45780
45807
45819
45834
45835
45853
45875
45932
45933
45942
45958
45980
45990
45995
46010
46017
46023
46078
46085
46149
46168
46171
46201
46203
46337
46338
46354
46361
46368
46379
46387
46432
46485
46547
46574
46578
46594
46607
46661
46683
46700
46747
46760
46770
46793
46797
46837
46839
46849
46898
46927
47004
47005
47039
47042
47051
47058
47097
47103
47110
47129
47130
47159
47166
47170
47175
47190
47207
47228
47256
47276
47291
47304
47305
47331
47371
47374
47394
47412
47423
47430
47431
47435
47455
47469
47530
47542
47604
47627
47634
47672
47701
47702
47722
47766
47770
47776
47778
47794
47872
47873
47874
47875
47876
47877
47883
47898
47899
47900
47901
47904
47906
47910
47919
47935
47965
47970
47977
47978
47998
48001
48002
48003
48004
48005
48006
48021
48046
48052
48061
48064
48099
48100
48101
48102
48103
48104
48129
48188
48218
48221
48234
48235
48236
48238
48239
48240
48242
48244
48252
48268
48290
48328
48345
48359
48388
48401
48427
48455
48481
48549
48603
48625
48650
48679
48711
48712
48719
48720
48722
48731
48739
48741
48790
48794
48807
48810
48812
48845
48864
48866
48889
48890
48891
48892
48966
48974
49007
49075
49097
49134
49163
49234
49244
49245
49246
49247
49248
49319
49345
49349
49352
49461
49462
49512
49546
49566
49587
49590
49624
49625
49634
49642
49736
49761
49817
49844
49859
49890
50019
50032
50133
50141
50165
50166
50247
50251
50281
50282
50317
50331
50342
50369
50425
50426
50427
50477
50632
50662
50706
50749
50781
50809
50894
50901
50902
50906
50909
50911
50913
50979
50986
51010
51047
51056
51058
51060
51063
51065
51068
51070
51075
51078
51080
51082
51084
51086
51088
51090
51092
51094
51096
51098
51101
51104
51151
51165
51186
51188
51189
51190
51191
51192
51210
51247
51276
51319
51333
51355
51381
51404
51510
51640
51659
51661
51737
51769
51803
51812
51827
51845
51866
51895
51912
51957
51959
51962
51964
51966
52009
52023
52066
52090
52151
52227
52251
52252
52276
52308
52315
52333
52366
52389
52410
52418
52481
52487
52596
52648
52655
52668
52669
52673
52674
52678
52697
52741
52815
52892
52911
52941
52956
52963
52967
52992
53020
53031
53038
53061
53075
53078
53079
53102
53145
53146
53147
53149
53173
53279
53283
53286
53287
53326
53355
53371
53373
53392
53416
53459
53746
53747
53748
53749
53750
53751
53752
53753
53755
53758
53760
53761
53762
53763
53764
53768
53808
53908
53909
53910
53911
53913
53914
53915
54039
54191
54212
54295
54301
54359
54452
54466
54494
54497
54530
54536
54544
54577
54584
54614
54669
54710
54711
54721
54732
54736
54758
54854
54856
54857
54858
54859
54860
54863
54864
54865
54866
54867
54868
54869
54870
54871
54872
54873
54874
54875
54876
54877
54903
54933
54963
54964
54998
55002
55003
55016
55037
55076
55083
55109
55110
55111
55112
55113
55114
55115
55116
55117
55118
55119
55120
55121
55122
55123
55124
55125
55135
55152
55153
55154
55155
55156
55158
55161
55165
55171
55175
55178
55188
55190
55194
55197
55346
55368
55420
55522
55525
55535
55536
55537
55538
55539
55540
55541
55542
55544
55545
55546
55547
55548
55551
55552
55553
55554
55558
55559
55560
55561
55562
55592
55630
55631
55632
55634
55647
55655
55705
55797
55818
55836
55884
55953
55983
56033
56040
56041
56042
56043
56044
56045
56099
56162
56163
56164
56165
56166
56167
56168
56169
56170
56171
56172
56174
56175
56176
56177
56178
56179
56180
56181
56182
56183
56189
56190
56191
56192
56227
56245
56255
56261
56268
56270
56271
56275
56278
56282
56283
56284
56285
56286
56288
56289
56290
56291
56292
56293
56294
56295
56296
56297
56299
56301
56302
56313
56345
56350
56353
56393
56403
56409
56439
56448
56488
56510
56540
56542
56544
56546
56547
56562
56573
56587
56588
56589
56590
56591
56592
56593
56594
56595
56596
56597
56598
56599
56600
56601
56602
56671
56727
56765
56788
56863
56869
56870
56871
56872
56873
56874
56875
56876
56877
56878
56879
56880
56881
56882
56883
56884
56885
56886
56887
56888
56889
56893
56894
57070
57085
57096
57098
57101
57106
57109
57110
57138
57140
57141
57142
57144
57145
57146
57147
57148
57149
57150
57285
57287
57289
57293
57295
57296
57297
57298
57299
57300
57301
57302
57303
57304
57310
57311
57312
57313
57314
57315
57316
57317
57324
57326
57328
57331
57333
57335
57341
57343
57344
57348
57354
57355
57357
57359
57362
57364
57366
57370
57372
57388
57426
57489
57553
57653
57672
57683
57686
57727
57729
57760
57768
57804
57806
57844
57853
57906
57908
57939
57957
57967
57968
57972
57973
57977
57978
57982
58013
58067
58069
58073
58074
58075
58076
58077
58085
58115
58126
58128
58129
58140
58151
58158
58159
58160
58161
58163
58165
58166
58168
58172
58186
58188
58229
58232
58233
58234
58235
58236
58237
58238
58239
58240
58241
58242
58243
58244
58245
58246
58247
58248
58249
58250
58251
58252
58253
58254
58255
58256
58257
58258
58259
58260
58262
58263
58264
58265
58266
58267
58271
58272
58273
58274
58275
58276
58277
58278
58279
58280
58281
58389
58390
58391
58392
58393
58394
58395
58396
58397
58398
58399
58400
58401
58402
58403
58404
58405
58406
58407
58408
58409
58440
58441
58442
58444
58448
58449
58450
58451
58452
58453
58454
58465
58474
58493
58496
58499
58500
58501
58502
58515
58539
58614
58641
58648
58705
58706
58707
58708
58709
58710
58711
58713
58715
58716
58717
58718
58719
58720
58721
58722
58723
58724
58725
58726
58856
58886
59036
59042
59066
59070
59090
59125
59218
59227
59286
59287
59311
59312
59313
59317
59328
59333
59337
59385
59403
59404
59427
59428
59429
59565
59619
59621
59625
59640
59648
59655
59755
59771
59773
59776
59777
59784
59925
59926
59927
59928
59929
59932
59934
59936
59937
59941
59944
59945
59946
59947
59948
59953
59954
59955
59956
59957
59958
59959
59960
59962
59964
59966
59967
59968
59970
60036
60079
60100
60106
60122
60245
60246
60247
60248
60249
60250
60251
60252
60255
60256
60257
60259
60260
60261
60262
60263
60264
60265
60268
60269
60270
60271
60272
60273
60274
60276
60277
60278
60279
60280
60281
60282
60283
60304
60310
60311
60320
60321
60340
60341
60343
60344
60345
60346
60347
60358
60359
60360
60361
60362
60363
60364
60368
60369
60370
60371
60372
60373
60374
60375
60376
60377
60378
60379
60380
60381
60382
60383
60384
60385
60386
60387
60388
60389
60390
60391
60392
60393
60394
60395
60397
60398
60399
60400
60401
60402
60404
60408
60409
60410
60411
60412
60413
60414
60415
60416
60417
60418
60419
60420
60421
60428
60458
60460
60528
60535
60581
60582
60606
60609
60616
60621
60623
60653
60663
60668
60679
60680
60681
60691
60692
60707
60714
60763
60767
60808
60820
60822
60823
60824
60831
60832
60838
60875
60879
60969
60975
60983
61003
61004
61021
61022
61031
61033
61035
61038
61045
61047
61050
61052
61053
61057
61063
61067
61122
61131
61206
61247
61271
61306
61308
61311
61312
61340
61371
61468
61700
61717
61755
61781
61819
61820
61828
61856
61868
61874
61898
62012
62040
62047
62061
62062
62067
62105
62127
62133
62134
62161
62201
62256
62257
62272
62353
62380
62384
62408
62447
62574
62629
62736
62737
62738
62739
62740
62741
62742
62743
62744
62745
62767
62774
62779
62780
62781
62782
62783
62784
62785
62786
62787
62812
62857
62948
62949
62959
62985
62990
63070
63124
63163
63234
63381
63663
63664
63714
63715
63717
63718
63729
63739
63740
63741
63746
63826
63832
63833
63834
63835
63836
63837
63838
63839
63840
63841
63854
63855
63856
63857
63858
63859
63860
63862
63863
63864
63865
63866
63867
63868
63869
63870
63871
63872
63873
63874
63875
63876
63877
63878
63879
63880
63897
63898
63899
63901
63902
63903
63904
63925
63926
63927
63929
63930
63932
63933
63937
63938
63941
63943
63945
63948
63949
63950
63951
63952
63953
63954
63955
63958
63959
63961
64056
64184
64200
64202
64323
64347
64354
64366
64385
64401
64441
64444
64485
64579
64749
64762
65041
65183
65200
65244
65247
65252
65253
65254
65255
65258
65265
65352
65353
65357
65363
65393
65418
65419
65420
65421
65422
65451
65460
65673
65683
65745
65780
65783
66050
66051
66052
66175
66241
66268
66271
66390
66474
66476
66486
66512
66531
66588
66621
66642
66661
66674
66719
66741
67019
67056
67324
67486
67487
67489
67490
67533
67538
67599
67769
67826
67833
68163
68377
68417
68418
68529
68530
68565
68768
68769
69072
69377
69378
69381
69445
69489
69510
69531
69560
69561
69563
69757
69838
69922
70013
70192
70233
70234
70235
70242
70243
70244
70477
70548
70574
70575
70576
70577
70578
70579
70580
70581
70660
70771
70774
70777
70779
70884
70938
70948
71014
71024
71068
71071
71073
71074
71087
71466
71692
71909
72424
73082
73251
73300
73320
73323
73324
73331
74033
74035
74098
74222
74797
74890
74903
74977
74982
75102
75111
75135
75136
75450
75531
75532
75693
75780
