7
56
89
128
133
265
403
433
758
835
871
1135
1139
3742
4070
4073
4079
4152
4954
5024
5405
5707
6251
6298
7363
7515
7516
7517
7518
7597
7598
7617
7619
7678
7679
7680
7681
7707
7711
7721
7823
7825
7826
8082
8191
8313
8344
8348
8397
8552
8736
8747
8892
8913
9133
9134
9136
9137
9138
9139
9140
9141
9142
9160
9163
9174
9175
9233
9252
9253
9314
9315
9316
9317
9318
9329
9330
9331
9332
9333
9334
9335
9336
9342
9343
9344
9345
9346
9361
9392
9393
9394
9395
9396
9397
9398
9406
9407
9408
9415
9416
9417
9632
9774
9778
9796
9800
9806
10351
10370
10373
10577
10578
10618
11209
11654
11657
11658
11789
11790
11791
11826
11879
11992
12022
12257
12418
12438
12534
12560
12561
12685
12686
12731
12733
12749
12766
12883
12938
12956
13006
13049
13120
13141
13180
13183
13234
13237
13278
13318
13383
13384
13385
13386
13387
13388
13389
13390
13438
13439
13440
13442
13480
13482
13486
13490
13491
13494
13496
13518
13519
13524
13526
13527
13528
13530
13532
13533
13534
13665
13667
13669
13670
13674
13675
13676
13744
13752
13881
13959
14027
14047
14049
14052
14053
14054
14055
14056
14089
14097
14098
14106
14118
14119
14126
14127
14134
14247
14248
14249
14253
14254
14530
14537
14565
14716
14798
14799
14803
15280
15283
15438
15464
15465
15494
15594
15600
15602
15603
15604
15646
15662
15693
15696
15712
15714
15715
15806
15807
15808
15809
15810
15811
15812
15813
15814
15815
15816
15817
15818
15819
15820
15821
15823
15824
15825
15826
15827
15828
15829
15830
15831
15832
15956
16349
16372
16400
16401
16403
16405
16406
16407
16408
16409
16411
16413
16414
16415
16433
16454
16470
16528
16549
16550
16551
16559
16589
16602
16603
16611
16615
16620
16718
16739
16871
16898
16908
16916
16921
16927
16928
16939
17148
17152
17153
17178
17196
17252
17275
17280
17283
17308
17315
17319
17320
17330
17331
17350
17352
17367
17368
17371
17407
17447
17448
17482
17483
17484
17490
17493
17495
17500
17504
17505
17506
17510
17511
17567
17619
17623
17625
17668
17670
17712
17729
17730
17746
17768
17816
17945
17947
17949
18029
18030
18031
18032
18033
18034
18035
18036
18037
18038
18039
18040
18041
18042
18043
18044
18045
18046
18047
18048
18049
18050
18052
18053
18054
18055
18056
18057
18058
18060
18067
18074
18075
18076
18077
18078
18079
18081
18082
18083
18084
18086
18087
18088
18089
18090
18091
18092
18097
18098
18104
18107
18112
18138
18185
18190
18196
18197
18198
18199
18200
18201
18202
18203
18204
18205
18206
18207
18208
18211
18212
18214
18217
18264
18276
18278
18289
18307
18308
18364
18369
18378
18379
18381
18382
18384
18385
18386
18388
18398
18400
18633
18652
18656
18676
18787
18796
18797
18799
18803
18805
18815
18816
18820
18826
18831
18833
18956
18957
19260
19380
19409
19634
19638
19691
19755
19804
19874
19937
20586
20587
20631
20732
20847
20869
20883
20885
20886
20888
20959
20969
21079
21140
21142
21151
21152
21153
21159
21162
21165
21170
21179
21180
21181
21185
21346
21347
21348
21360
21361
21362
21363
21364
21365
21366
21407
21409
21410
21429
21431
21432
21433
21434
21436
21438
21439
21440
21441
21442
21445
21453
21473
21475
21476
21477
21485
21593
21595
21596
21598
21599
21600
21601
21618
21619
21620
21623
21624
21625
21626
21627
21628
21629
21630
21631
21632
21633
21634
21635
21636
21637
21638
21639
21640
21641
21642
21643
21644
21919
21949
21951
21952
21954
21956
21961
21969
21978
21991
21992
22563
22564
22618
22620
22639
22640
22641
22683
22748
22778
22801
22836
22849
22850
22852
22855
22863
22912
22988
22989
22990
23037
23041
23042
23043
23044
23046
23049
23064
23097
23101
23131
23132
23133
23134
23157
23172
23181
23203
23210
23212
23213
23217
23264
23266
23267
23271
23300
23434
23454
23480
23481
23482
23483
23506
23515
23516
23562
23592
23593
23595
23604
23605
23686
23688
23689
23701
23719
23720
23721
23723
23724
23725
23726
23727
23728
23729
23730
23731
23732
23733
23734
23780
23929
23930
23990
23991
24188
24191
24196
24197
24198
24243
24251
24254
24257
24268
24291
24292
24301
24346
24347
24351
24352
24354
24388
24389
24392
24427
24428
24429
24430
24432
24433
24434
24436
24498
24499
24531
24532
24542
24543
24544
24546
24571
24574
24585
24591
24595
24610
24658
24661
24748
24782
24854
24865
24993
24998
25036
25112
25179
25207
25211
25606
25607
25608
25669
25746
25747
25750
25767
25823
25891
25892
25901
25906
25975
26066
26108
26142
26154
26155
26158
26166
26168
26225
26227
26228
26283
26391
26395
26400
26415
26459
26460
26461
26463
26467
26480
26551
26562
26571
26576
26578
26581
26593
26596
26598
26599
26600
26605
26609
26614
26690
26693
26789
26814
27037
27038
27043
27206
27225
27252
27256
27518
27522
27539
27561
27571
27656
27675
27797
27846
27847
27848
27850
27851
27853
27855
27859
27867
28112
28113
28141
28142
28143
28144
28145
28148
28152
28155
28170
28200
28264
28282
28325
28347
28360
28414
28516
28530
28539
28686
28687
28693
28735
28736
28760
28767
28773
28777
28778
28779
28780
28792
28799
28805
28840
28841
28847
28849
28851
28853
28854
28855
28856
28857
28862
28866
28869
28870
28876
29112
29113
29150
29155
29162
29369
29501
29506
29524
29601
29602
29624
29625
29626
29632
29633
29634
29635
29636
29637
29830
30098
30249
30458
30507
30519
30994
30997
30999
31000
31002
31023
31024
31025
31026
31033
31035
31038
31039
31040
31045
31047
31771
31794
31796
31941
32140
32355
32362
32367
32401
32402
32403
32410
32584
32599
32600
32641
32642
32789
32793
32794
32795
32955
32956
32957
32973
32980
32981
33012
33014
33020
33022
33027
33028
33029
33030
33063
33066
33089
33094
33097
33103
33105
33106
33118
33124
33136
33138
33139
33140
33141
33148
33149
33163
33164
33165
33166
33168
33169
33170
33233
33236
33250
33273
33274
33275
33297
33328
33400
33479
33484
33485
33486
33488
33489
33490
33491
33510
33511
33522
33556
33565
33648
33662
33667
33668
33693
33695
33696
33746
33759
33780
33782
33807
33820
33821
33828
33830
33953
34000
34040
34061
34106
34107
34128
34138
34139
34199
34210
34230
34231
34241
34244
34246
34252
34253
34258
34262
34292
34294
34318
34320
34323
34495
34509
34510
34511
34513
34514
34515
34518
34519
34580
34584
34586
34592
34593
34598
34611
34696
34749
34750
34760
34774
34796
35074
35075
35077
35080
35083
35086
35126
35131
35163
35165
35166
35168
35169
35175
35337
35338
35352
35353
35494
35733
35828
35833
35836
36041
36062
36065
36068
36069
36070
36071
36098
36111
36331
36347
36372
36385
36387
36409
36411
36412
36413
36422
36425
36428
36429
36430
36432
36478
36479
36480
36481
36482
36488
37083
37173
37197
37208
37247
37336
37360
37386
37447
37468
37495
37507
37536
37542
37649
37651
37652
37655
37657
37705
37736
37737
37738
37739
37740
37742
37760
37762
37763
37817
37877
37896
37952
37976
38164
38174
38224
38282
38284
38290
38297
38299
38307
38308
38314
38319
38321
38322
38325
38326
38327
38332
38334
38347
38351
38438
38444
38448
38501
38522
39100
39200
39201
39228
39438
39440
39442
39444
39446
39546
39547
39569
39585
39598
39602
39708
39806
39807
39841
39875
39885
39903
39922
39925
39927
39937
39981
39987
39988
40107
40150
40151
40226
40231
40258
40260
40291
40342
40343
40386
40389
40393
40396
40402
40407
40438
40442
40443
40458
40460
40463
40464
40470
40475
40478
40482
40485
40538
40555
40679
40680
40723
40724
40729
40811
40815
40933
40934
40971
41037
41040
41042
41234
41260
41262
41301
41920
41921
41943
41944
41945
41946
41973
42034
42038
42039
42040
42056
42057
42059
42060
42061
42062
42063
42070
42071
42076
42077
42078
42082
42083
42089
42093
42094
42095
42098
42099
42100
42104
42106
42107
42108
42109
42110
42111
42113
42115
42120
42122
42124
42125
42127
42156
42157
42184
42275
42292
42367
42368
42370
42812
42814
43219
43333
43455
43460
43588
43699
43710
43712
43713
43716
43725
43726
43728
43736
43737
43739
43741
43743
43745
43748
43750
43752
43782
43827
43840
43841
43842
43843
43844
43845
43850
43851
43852
43854
43855
43856
43857
43858
43859
43860
43861
43862
43873
43901
43902
43944
43995
44001
44055
44071
44072
44073
44075
44077
44297
44300
44301
44336
44474
44540
44683
44751
44756
44757
44759
44810
44847
44853
44973
44974
44979
44980
44983
45003
45011
45042
45049
45052
45054
45057
45059
45064
45309
45354
45355
45416
45418
45481
45482
45483
45484
45614
45858
46051
46055
46060
46088
46090
46091
46092
46095
46096
46097
46098
46100
46273
46281
46567
46632
46643
46699
46712
46742
46743
46748
46749
46780
46782
46783
46784
46785
46939
47041
47061
47125
47126
47138
47177
47188
47215
47217
47524
47806
47807
47816
47821
47952
47979
47999
48007
48008
48015
48041
48042
48049
48051
48216
48228
48251
48253
48259
48269
48273
48332
48337
48390
48626
48643
48644
48645
48647
48776
48777
48833
48835
48837
48846
48847
48848
48855
48865
48868
48875
49101
49102
49116
49176
49266
49431
49441
49442
49558
49621
49622
49854
49955
50002
50009
50070
50200
50261
50263
50708
50929
51149
51330
51346
51349
51352
51359
51414
51582
51952
51953
51954
51955
51978
51985
51987
52020
52172
52184
52314
52394
52420
52423
52781
52804
52809
52810
52849
52945
52946
52995
53025
53026
53354
53356
53440
53793
53820
54048
54092
54161
54184
54192
54214
54229
54230
54232
54279
54280
54307
54329
54406
54418
54621
54695
54707
54738
54800
54803
54807
54808
54809
54838
54841
54844
54848
55039
55245
55246
55247
55248
55735
55747
55755
55915
56121
56184
56186
56188
56390
56391
56394
56395
57345
57350
57351
57352
57353
57818
57819
57820
57821
57822
57829
57907
57918
58783
58901
59043
59188
59191
59195
59197
59198
59199
59202
59345
59657
59658
59731
59757
59787
59818
59830
59906
59915
60054
60060
60061
60063
60066
60180
60214
60215
60221
60244
60258
60286
60299
60301
60305
60306
60313
60317
60319
60436
60439
60442
60471
60473
60480
60482
60485
60487
60490
60493
60510
60517
60519
60521
60524
60526
60527
60529
60537
60543
60546
60548
60550
60552
60554
60556
60557
60558
60559
60560
60562
60564
60571
60572
60573
60574
60575
60577
60632
60633
60634
60635
60636
60648
60656
60659
60661
60662
60664
60675
60685
60686
60687
60688
60690
60693
60695
60696
60698
60700
60701
60710
60717
60719
60722
60724
60726
60733
60736
60738
60739
60740
60741
60764
60765
60768
60769
60770
60772
60773
60774
60775
60777
60779
60780
60787
60792
60794
60797
60800
60804
60818
60821
60826
60837
60871
60986
61131
61249
61252
61255
61289
61318
61321
61322
61323
61325
61415
61426
61427
61428
61477
61617
61618
61620
61778
61810
61815
61818
61980
62088
62106
62107
62111
62114
62115
62147
62352
62459
62853
62972
62973
63251
63353
63388
63604
63691
63751
64046
64047
64048
64049
64052
64121
64130
64415
64524
64525
64527
64707
64712
64714
64738
64742
64763
64764
64786
64792
64800
64926
64929
64948
64949
64950
64952
64955
64956
64957
64959
64960
64961
64962
64964
64981
64999
65002
65005
65007
65008
65010
65011
65012
65013
65020
65025
65393
65607
66238
66303
66304
67353
67356
67361
67363
67365
67379
67381
67384
67386
67389
67392
67515
67516
67517
67520
67521
67556
67596
67653
67667
67670
67672
67683
67684
67694
67695
67698
67699
67702
67712
67726
67728
67736
67738
67740
67742
67744
67747
67752
67753
67758
67771
67799
68270
68271
68443
68496
68645
68787
69180
69181
69206
69207
69208
69209
69210
69211
69212
69419
69773
69777
70313
70537
71168
71174
71176
71178
71186
71191
71194
71198
71214
71217
71226
71228
71354
71397
71402
71404
71406
71435
71436
71519
71540
71545
71562
71563
71565
71567
71568
71569
71571
71573
71574
71576
71578
71579
71581
71585
71586
71602
71606
71607
71611
71634
71635
71637
71638
71640
71642
71645
71650
71653
71655
71835
71836
71838
71839
71845
71846
71865
71868
71871
71873
71876
71878
71880
71892
71903
71947
71988
72413
72415
72417
72419
72770
72958
72968
73077
73326
73961
74267
74491
75455
75457
75465
75474
75475
75481
75490
75495
